# CM IC2 SS1
# train
X_train_dist_matrix_cm_1 = [[0, 1.0, 0.8916307617581761, 0.7486666729596871, 0.8795897352868622, 0.24048842434845555, 0.7989333383677497, 
0.660309101394059, 0.7765925981863886, 0.8916307617581761, 1.0, 0.8795897352868622, 0.7702095295631425, 0.8645384521977201, 0.8916307617581761, 0.8212740785491108, 0.8916307617581761, 0.7307774324523758, 0.8916307617581761, 0.5372592189183111, 0.8795897352868622, 
0.8916307617581761, 0.6265423707963348, 0.7307774324523759, 0.8645384521977201, 0.8795897352868622, 1.0, 1.0, 1.0, 0.8795897352868622, 0.5687322117487305, 0.5687322117487305, 0.6258663893962286, 0.5774868360127124, 0.8795897352868622, 1.0, 0.7307774324523758, 1.0, 0.8795897352868622, 0.7702095295631425, 0.8795897352868622, 0.7669005118663172, 0.6220320324267705, 0.349514036985356, 0.5774868360127124, 0.38356707500734166, 0.5497858735988879, 0.8916307617581761, 0.7266871795398672, 0.8795897352868622], [1.0, 0, 1.0, 0.6614611553052634, 1.0, 1.0, 0.8533761334994373, 1.0, 0.6990765824935674, 1.0, 1.0, 1.0, 1.0, 1.0, 1.0, 1.0, 1.0, 1.0, 1.0, 0.7291689242442108, 1.0, 0.7164905029844197, 1.0, 0.6773908052509363, 1.0, 1.0, 0.6930392267080597, 0.42764821015762244, 1.0, 1.0, 1.0, 1.0, 0.8583378484884214, 1.0, 1.0, 0.7122652836533013, 0.5748283514728412, 1.0, 1.0, 1.0, 1.0, 0.8436012090660665, 0.662454041908368, 1.0, 1.0, 0.8106901578402377, 1.0, 1.0, 0.8827009067995497, 1.0], [0.8916307617581761, 1.0, 0, 1.0, 0.10423925916072127, 0.86453845219772, 1.0, 1.0, 1.0, 0.18524474386728448, 1.0, 0.29962194294970756, 1.0, 0.1726129870945493, 0.1376717862376816, 1.0, 0.298545603603556, 0.3542899387051042, 0.25629050350220184, 0.8916307617581761, 0.20355025569094953, 0.8555076823442347, 0.8193846029302934, 0.8555076823442347, 0.3432808009306124, 0.167021134879313, 1.0, 1.0, 1.0, 0.3010090401199106, 0.84518680251168, 0.84518680251168, 0.8193846029302934, 0.8193846029302934, 0.2284216065629669, 1.0, 0.8555076823442347, 1.0, 0.12911061003273863, 1.0, 0.3276094338883601, 0.8916307617581761, 0.8916307617581761, 0.86453845219772, 0.8193846029302934, 0.8795897352868622, 0.4400576999373376, 0.29939477915131935, 0.8916307617581761, 0.2816008479526009], [0.7486666729596871, 0.6614611553052634, 1.0, 0, 1.0, 0.7989333383677497, 0.6043204847379864, 0.8276571471723569, 0.14285714285714285, 1.0, 1.0, 1.0, 0.5251845816855837, 1.0, 1.0, 0.718434711152023, 1.0, 0.8492000037758123, 1.0, 0.5992000037758123, 1.0, 1.0, 1.0, 0.8492000037758123, 1.0, 1.0, 1.0, 0.5291689242442107, 1.0, 1.0, 1.0, 1.0, 0.9114611553052634, 
1.0, 1.0, 0.898812748920301, 0.6650915275632835, 1.0, 1.0, 0.6058085956128322, 1.0, 0.7536303722580201, 0.7163917367337074, 0.7989333383677497, 1.0, 0.8276571471723569, 0.8492000037758123, 1.0, 0.6086242625815772, 1.0], [0.8795897352868622, 1.0, 0.10423925916072127, 1.0, 0, 0.84518680251168, 1.0, 1.0, 1.0, 0.10158823402515038, 1.0, 0.2507681922711464, 1.0, 0.09863599262545675, 0.04872939221448051, 1.0, 0.25407847194501265, 0.3169386042969828, 0.18052796695283632, 0.8795897352868622, 0.2035756601030861, 0.839452980382483, 0.7993162254781038, 0.839452980382483, 0.3278854289975354, 0.13255495620048924, 1.0, 1.0, 1.0, 0.2822541195771305, 0.8193846029302932, 0.8193846029302932, 0.7993162254781038, 0.7935824033489067, 0.2315559298341056, 1.0, 0.839452980382483, 1.0, 0.027980269731019518, 1.0, 0.2822541195771305, 0.8795897352868622, 0.8795897352868622, 
0.84518680251168, 0.7935824033489067, 0.86453845219772, 0.41223611677724203, 0.2550220003314164, 0.8795897352868622, 0.19953178739086455], [0.24048842434845555, 1.0, 0.86453845219772, 0.7989333383677497, 0.84518680251168, 0, 0.8659555589118332, 0.7142857142857143, 0.8276571471723569, 0.86453845219772, 1.0, 0.84518680251168, 0.8391466706941998, 0.8193846029302932, 0.86453845219772, 0.8851047647815713, 0.86453845219772, 0.7640051213815949, 0.86453845219772, 0.522107354464014, 0.84518680251168, 0.86453845219772, 0.5331779634954185, 0.764005121381595, 0.8193846029302932, 0.84518680251168, 1.0, 1.0, 1.0, 0.84518680251168, 0.39622509644822257, 0.39622509644822257, 0.5323329867452857, 0.4366491146836166, 0.84518680251168, 1.0, 0.7640051213815949, 1.0, 0.84518680251168, 0.8391466706941998, 0.84518680251168, 0.8091589706490216, 0.6596923014651467, 0.36280980595201867, 0.4366491146836166, 0.45383697653030175, 0.5693846029302934, 0.86453845219772, 0.7588923052409591, 0.84518680251168], 
[0.7989333383677497, 0.8533761334994373, 1.0, 0.6043204847379864, 
1.0, 0.8659555589118332, 0, 0.7675412497276733, 0.660846129775417, 1.0, 1.0, 1.0, 0.6834563877903891, 1.0, 1.0, 0.6947262923807839, 
1.0, 0.8994666691838749, 1.0, 0.733730709016828, 1.0, 0.9022507556662915, 1.0, 0.7528428026833122, 1.0, 1.0, 0.8882865779043332, 1.0, 1.0, 1.0, 1.0, 1.0, 1.0, 1.0, 1.0, 0.8882865779043332, 0.7380043371716383, 1.0, 1.0, 0.7372057304085547, 1.0, 0.5368789593384925, 
0.8994666691838749, 0.8659555589118332, 1.0, 0.7733913426859045, 0.8994666691838749, 1.0, 0.6541443326272222, 1.0], [0.660309101394059, 1.0, 1.0, 0.8276571471723569, 1.0, 0.7142857142857143, 0.7675412497276733, 0, 0.8492000037758123, 1.0, 0.8645948238891364, 1.0, 
0.8659555589118332, 1.0, 1.0, 0.796598593511714, 1.0, 0.9106370392745554, 1.0, 0.8191987497881902, 1.0, 0.801680487875221, 1.0, 0.9106370392745554, 1.0, 1.0, 1.0, 1.0, 1.0, 1.0, 1.0, 1.0, 1.0, 1.0, 
1.0, 1.0, 0.9106370392745554, 1.0, 1.0, 0.8659555589118332, 1.0, 0.9106370392745554, 0.7777777777777778, 0.8851047647815713, 1.0, 0.8994666691838749, 0.7777777777777778, 1.0, 0.8659555589118332, 1.0], [0.7765925981863886, 0.6990765824935674, 1.0, 0.14285714285714285, 1.0, 0.8276571471723569, 0.660846129775417, 0.8492000037758123, 0, 1.0, 0.8591807910312955, 1.0, 0.6043204847379864, 1.0, 1.0, 0.7536303722580201, 1.0, 0.8659555589118332, 0.8347898010724124, 0.643733336689611, 1.0, 1.0, 1.0, 0.8659555589118332, 1.0, 1.0, 1.0, 0.6076407702035089, 1.0, 1.0, 1.0, 1.0, 0.9212988047157897, 1.0, 
1.0, 0.9114611553052634, 0.702303580056252, 1.0, 1.0, 0.6715071630106935, 1.0, 0.7810047753404623, 0.6165041851932879, 0.8276571471723569, 1.0, 0.8492000037758123, 0.8659555589118332, 1.0, 0.6521104556280686, 1.0], [0.8916307617581761, 1.0, 0.18524474386728448, 1.0, 0.10158823402515038, 0.86453845219772, 1.0, 1.0, 1.0, 0, 1.0, 0.3244932938217249, 1.0, 0.20059325682556883, 0.1352858636156678, 1.0, 0.29771581958833104, 0.3542899387051042, 0.253904580880188, 0.8916307617581761, 0.2825443763390047, 0.8555076823442347, 0.8193846029302934, 0.8555076823442347, 0.3452259741890986, 0.21941486175891858, 1.0, 1.0, 1.0, 0.3524807847603775, 0.84518680251168, 0.84518680251168, 0.8193846029302934, 0.8193846029302934, 0.2825443763390047, 1.0, 0.8555076823442347, 1.0, 0.07671688315313302, 1.0, 0.19904701845411144, 0.8916307617581761, 0.8916307617581761, 0.86453845219772, 0.8193846029302934, 0.8795897352868622, 0.46244191572215315, 0.13809038967563944, 0.8916307617581761, 0.25407847194501265], [1.0, 1.0, 1.0, 1.0, 1.0, 1.0, 1.0, 0.8645948238891364, 0.8591807910312955, 1.0, 0, 1.0, 1.0, 1.0, 1.0, 1.0, 1.0, 1.0, 0.8792978208839676, 1.0, 1.0, 1.0, 1.0, 1.0, 1.0, 1.0, 1.0, 1.0, 1.0, 1.0, 1.0, 1.0, 1.0, 1.0, 1.0, 1.0, 1.0, 1.0, 1.0, 1.0, 1.0, 1.0, 0.8792978208839676, 1.0, 1.0, 1.0, 1.0, 1.0, 1.0, 1.0], [0.8795897352868622, 1.0, 0.29962194294970756, 1.0, 0.2507681922711464, 0.84518680251168, 1.0, 1.0, 1.0, 0.3244932938217249, 1.0, 0, 1.0, 0.29590797787637024, 0.17417566758209407, 1.0, 0.22609098100636013, 0.358887521779703, 0.33401617090768565, 0.8795897352868622, 0.2507681922711464, 0.839452980382483, 0.7993162254781038, 0.839452980382483, 0.3278854289975354, 0.2507681922711464, 1.0, 1.0, 1.0, 0.2124164788666605, 0.8193846029302932, 0.8193846029302932, 0.7993162254781038, 0.7935824033489067, 0.2787484620021659, 1.0, 0.839452980382483, 1.0, 0.2787484620021659, 1.0, 0.14112705978856524, 0.8795897352868622, 0.8795897352868622, 0.84518680251168, 0.7935824033489067, 0.86453845219772, 0.41223611677724203, 0.3244932938217249, 0.8795897352868622, 0.16804586008488048], [0.7702095295631425, 1.0, 1.0, 0.5251845816855837, 1.0, 0.8391466706941998, 0.6834563877903891, 0.8659555589118332, 0.6043204847379864, 1.0, 1.0, 1.0, 0, 1.0, 1.0, 0.4355545386801983, 1.0, 0.8851047647815713, 1.0, 0.8851047647815713, 1.0, 0.8591879198936491, 1.0, 0.8851047647815713, 1.0, 1.0, 1.0, 1.0, 1.0, 1.0, 1.0, 1.0, 1.0, 1.0, 1.0, 0.654549763339736, 0.8122898074346819, 1.0, 1.0, 0.27654237811335447, 1.0, 0.6714777273283312, 
0.8851047647815713, 0.8391466706941998, 1.0, 0.8659555589118332, 0.8851047647815713, 1.0, 0.5756377221347128, 1.0], [0.8645384521977201, 1.0, 0.1726129870945493, 1.0, 0.09863599262545675, 0.8193846029302932, 1.0, 1.0, 1.0, 0.20059325682556883, 1.0, 0.29590797787637024, 1.0, 0, 0.1726129870945493, 1.0, 0.40363070179139793, 0.4118997503728435, 0.2894004563692156, 0.8645384521977201, 0.29590797787637024, 0.8193846029302934, 0.7742307536628668, 0.8193846029302934, 0.26745767576742513, 0.21474145913054526, 1.0, 1.0, 1.0, 0.29590797787637024, 0.783261523516352, 0.783261523516352, 0.7742307536628668, 0.7591794705737245, 0.3278854289975354, 1.0, 0.8193846029302934, 1.0, 0.13061344374662193, 1.0, 0.29590797787637024, 0.8645384521977201, 0.8645384521977201, 0.8193846029302932, 0.7591794705737245, 0.84518680251168, 0.37745913782712265, 0.37320624392011814, 
0.8645384521977201, 0.3626562379932837], [0.8916307617581761, 1.0, 0.1376717862376816, 1.0, 0.04872939221448051, 0.86453845219772, 1.0, 1.0, 1.0, 0.1352858636156678, 1.0, 0.17417566758209407, 1.0, 0.1726129870945493, 0, 1.0, 0.27252707774354384, 0.3291011968603169, 0.20633162325058513, 0.8916307617581761, 0.2296855345283348, 0.8555076823442347, 0.8193846029302934, 0.8555076823442347, 0.37320624392011814, 0.16655601994824873, 1.0, 1.0, 1.0, 0.29962194294970756, 0.84518680251168, 0.84518680251168, 0.8193846029302934, 0.8193846029302934, 0.25455688540035215, 1.0, 0.8555076823442347, 1.0, 0.07360074308649786, 1.0, 0.20216315852074657, 0.8916307617581761, 0.8916307617581761, 0.86453845219772, 0.8193846029302934, 0.8795897352868622, 0.4400576999373376, 0.2733762532913072, 0.8916307617581761, 0.12863219657739908], [0.8212740785491108, 1.0, 1.0, 0.718434711152023, 1.0, 0.8851047647815713, 0.6947262923807839, 0.796598593511714, 0.7536303722580201, 1.0, 1.0, 1.0, 0.4355545386801983, 1.0, 1.0, 0, 1.0, 0.9106370392745554, 1.0, 0.8191987497881902, 1.0, 
0.8357192398759241, 1.0, 0.9106370392745554, 1.0, 1.0, 1.0, 1.0, 1.0, 1.0, 1.0, 1.0, 1.0, 1.0, 1.0, 0.6267894299069431, 0.834411633492025, 1.0, 1.0, 0.27642531115793134, 1.0, 0.6105195596841261, 0.9106370392745554, 0.8851047647815713, 1.0, 0.8994666691838749, 0.9106370392745554, 1.0, 0.585429629389687, 1.0], [0.8916307617581761, 1.0, 0.298545603603556, 1.0, 0.25407847194501265, 0.86453845219772, 1.0, 1.0, 1.0, 0.29771581958833104, 1.0, 0.22609098100636013, 1.0, 0.40363070179139793, 0.27252707774354384, 1.0, 0, 0.3534407631573408, 0.3286706247505114, 0.8916307617581761, 0.2550004541841513, 0.8555076823442347, 0.8193846029302934, 0.8555076823442347, 0.3737052588018922, 0.2816008479526009, 1.0, 1.0, 1.0, 0.2908464506904256, 0.84518680251168, 0.84518680251168, 0.8193846029302934, 0.8193846029302934, 0.2550004541841513, 1.0, 0.8555076823442347, 1.0, 0.25407847194501265, 1.0, 0.35153725637397365, 0.8916307617581761, 
0.8916307617581761, 0.86453845219772, 0.8193846029302934, 0.8795897352868622, 0.486781482019177, 0.27377546519672646, 0.8916307617581761, 0.17417566758209407], [0.7307774324523758, 1.0, 0.3542899387051042, 0.8492000037758123, 0.3169386042969828, 0.7640051213815949, 0.8994666691838749, 0.9106370392745554, 0.8659555589118332, 0.3542899387051042, 1.0, 0.358887521779703, 0.8851047647815713, 0.4118997503728435, 0.3291011968603169, 0.9106370392745554, 0.3534407631573408, 0, 0.38524474386728447, 0.8112040971052761, 0.3169386042969828, 0.8555076823442347, 0.8193846029302934, 0.7750810176913345, 
0.4118997503728435, 0.3169386042969828, 1.0, 1.0, 1.0, 0.3868750127183555, 0.84518680251168, 0.84518680251168, 0.8193846029302934, 0.8193846029302934, 0.3169386042969828, 1.0, 0.7750810176913345, 1.0, 0.3169386042969828, 0.8851047647815713, 0.3868750127183555, 0.8112040971052761, 0.8112040971052761, 0.7640051213815949, 0.8193846029302934, 0.7902267745614178, 0.36171420131507837, 0.3542899387051042, 0.7709907647788259, 0.31599507591057896], [0.8916307617581761, 1.0, 0.25629050350220184, 1.0, 0.18052796695283632, 0.86453845219772, 1.0, 1.0, 0.8347898010724124, 0.253904580880188, 0.8792978208839676, 0.33401617090768565, 1.0, 0.2894004563692156, 0.20633162325058513, 1.0, 0.3286706247505114, 0.38524474386728447, 0, 0.8916307617581761, 0.2920672534249654, 0.8555076823442347, 0.8193846029302934, 0.8555076823442347, 0.4118997503728435, 0.22893773884487933, 1.0, 1.0, 1.0, 0.36200366184633814, 0.84518680251168, 0.84518680251168, 0.8193846029302934, 0.8193846029302934, 0.3169386042969828, 1.0, 0.8555076823442347, 1.0, 0.20539931782485368, 1.0, 0.36200366184633814, 0.8916307617581761, 0.7733711390451692, 0.86453845219772, 0.8193846029302934, 0.8795897352868622, 0.47101250509951786, 0.32951980029827477, 0.8916307617581761, 0.2884726999029907], [0.5372592189183111, 0.7291689242442108, 0.8916307617581761, 0.5992000037758123, 0.8795897352868622, 0.522107354464014, 0.733730709016828, 0.8191987497881902, 0.643733336689611, 0.8916307617581761, 1.0, 0.8795897352868622, 0.8851047647815713, 0.8645384521977201, 0.8916307617581761, 0.8191987497881902, 0.8916307617581761, 0.8112040971052761, 0.8916307617581761, 0, 0.8795897352868622, 0.8916307617581761, 0.6265423707963348, 0.8112040971052761, 0.8645384521977201, 0.8795897352868622, 1.0, 0.6636920887458648, 1.0, 0.8795897352868622, 0.5687322117487305, 0.5687322117487305, 0.5550353136404393, 0.5774868360127124, 0.8795897352868622, 0.9212988047157897, 0.7403730213494867, 1.0, 0.8795897352868622, 0.8851047647815713, 0.8795897352868622, 0.8473271765192173, 0.7410805628855334, 0.522107354464014, 0.5774868360127124, 0.5752065373013457, 0.7750810176913346, 0.8916307617581761, 0.8071138441927672, 0.8795897352868622], [0.8795897352868622, 1.0, 0.20355025569094953, 1.0, 0.2035756601030861, 
0.84518680251168, 1.0, 1.0, 1.0, 0.2825443763390047, 1.0, 0.2507681922711464, 1.0, 0.29590797787637024, 0.2296855345283348, 1.0, 0.2550004541841513, 0.3169386042969828, 0.2920672534249654, 0.8795897352868622, 0, 0.839452980382483, 0.7993162254781038, 0.839452980382483, 0.2936849227238146, 0.1726129870945493, 1.0, 1.0, 1.0, 0.25232867658762476, 0.8193846029302932, 0.8193846029302932, 0.7993162254781038, 0.7935824033489067, 0.04844548340241722, 1.0, 0.839452980382483, 1.0, 0.2315559298341056, 1.0, 0.2822541195771305, 0.8795897352868622, 0.8795897352868622, 0.84518680251168, 0.7935824033489067, 0.86453845219772, 0.41223611677724203, 0.2559439825705552, 0.8795897352868622, 0.23049446039940133], [0.8916307617581761, 0.7164905029844197, 0.8555076823442347, 1.0, 0.839452980382483, 0.86453845219772, 0.9022507556662915, 0.801680487875221, 1.0, 0.8555076823442347, 1.0, 0.839452980382483, 0.8591879198936491, 0.8193846029302934, 0.8555076823442347, 0.8357192398759241, 0.8555076823442347, 0.8555076823442347, 0.8555076823442347, 0.8916307617581761, 0.839452980382483, 0, 0.6768468805169653, 0.5720563408871191, 0.8193846029302934, 0.839452980382483, 0.8144233399653772, 1.0, 1.0, 0.839452980382483, 0.84518680251168, 0.84518680251168, 0.6680750441234521, 0.6412124499136334, 0.839452980382483, 0.7488310226904056, 0.5041981235373934, 1.0, 0.839452980382483, 0.8591879198936491, 0.839452980382483, 0.6757632124832803, 0.7490930393448479, 0.86453845219772, 0.7639450482757533, 0.7533831738470208, 0.7750329592066613, 0.8555076823442347, 0.6705112664931316, 0.839452980382483], [0.6265423707963348, 1.0, 0.8193846029302934, 1.0, 0.7993162254781038, 0.5331779634954185, 1.0, 1.0, 1.0, 0.8193846029302934, 1.0, 0.7993162254781038, 1.0, 0.7742307536628668, 0.8193846029302934, 1.0, 0.8193846029302934, 0.8193846029302934, 0.8193846029302934, 0.6265423707963348, 0.7993162254781038, 0.6768468805169653, 0, 0.789816840447872, 0.7742307536628668, 0.7993162254781038, 1.0, 1.0, 1.0, 0.7993162254781038, 0.4664891011376211, 0.4664891011376211, 0.4177705344028215, 0.45106441112496504, 0.7993162254781038, 1.0, 0.6828589253646627, 1.0, 0.7993162254781038, 1.0, 0.7993162254781038, 0.8555076823442347, 0.8259399198618134, 0.5331779634954185, 0.45106441112496504, 0.5850470786625942, 0.7536937610339306, 0.8193846029302934, 0.8259399198618134, 0.7993162254781038], [0.7307774324523759, 0.6773908052509363, 0.8555076823442347, 0.8492000037758123, 0.839452980382483, 0.764005121381595, 0.7528428026833122, 0.9106370392745554, 0.8659555589118332, 0.8555076823442347, 1.0, 0.839452980382483, 0.8851047647815713, 0.8193846029302934, 0.8555076823442347, 0.9106370392745554, 0.8555076823442347, 0.7750810176913345, 0.8555076823442347, 0.8112040971052761, 0.839452980382483, 0.5720563408871191, 0.789816840447872, 0, 0.8193846029302934, 0.839452980382483, 0.7709792313726179, 1.0, 1.0, 0.839452980382483, 0.84518680251168, 0.84518680251168, 0.7750329592066614, 0.7824248998272667, 0.839452980382483, 0.7343336691850184, 0.49162967623421905, 1.0, 0.839452980382483, 0.8851047647815713, 0.839452980382483, 0.4491475153387062, 0.7816363346228545, 0.764005121381595, 0.7824248998272667, 0.6205761045288168, 0.7093901757949718, 0.8555076823442347, 0.6241239090959543, 0.839452980382483], [0.8645384521977201, 1.0, 0.3432808009306124, 1.0, 0.3278854289975354, 0.8193846029302932, 1.0, 1.0, 1.0, 0.3452259741890986, 1.0, 0.3278854289975354, 1.0, 0.26745767576742513, 0.37320624392011814, 1.0, 0.3737052588018922, 0.4118997503728435, 0.4118997503728435, 0.8645384521977201, 0.2936849227238146, 0.8193846029302934, 0.7742307536628668, 0.8193846029302934, 0, 0.3278854289975354, 1.0, 1.0, 1.0, 0.2556334489199365, 0.783261523516352, 0.783261523516352, 0.7742307536628668, 0.7591794705737245, 
0.2936849227238146, 1.0, 0.8193846029302934, 1.0, 0.29590797787637024, 1.0, 0.3278854289975354, 0.8645384521977201, 0.8645384521977201, 0.8193846029302932, 0.7591794705737245, 0.84518680251168, 0.4054394075581422, 0.3153005311995929, 0.8645384521977201, 0.3626562379932837], [0.8795897352868622, 1.0, 0.167021134879313, 1.0, 0.13255495620048924, 0.84518680251168, 1.0, 1.0, 1.0, 0.21941486175891858, 1.0, 0.2507681922711464, 1.0, 0.21474145913054526, 0.16655601994824873, 1.0, 0.2816008479526009, 0.3169386042969828, 0.22893773884487933, 0.8795897352868622, 0.1726129870945493, 0.839452980382483, 0.7993162254781038, 0.839452980382483, 0.3278854289975354, 0, 1.0, 1.0, 1.0, 0.2822541195771305, 0.8193846029302932, 0.8193846029302932, 0.7993162254781038, 0.7935824033489067, 0.20059325682556883, 1.0, 0.839452980382483, 1.0, 0.16053522593150876, 1.0, 0.2822541195771305, 0.8795897352868622, 0.8795897352868622, 0.84518680251168, 0.7935824033489067, 0.86453845219772, 0.41223611677724203, 0.2825443763390047, 0.8795897352868622, 0.23049446039940133], [1.0, 0.6930392267080597, 1.0, 1.0, 1.0, 1.0, 0.8882865779043332, 1.0, 1.0, 1.0, 1.0, 1.0, 1.0, 1.0, 1.0, 1.0, 1.0, 1.0, 1.0, 1.0, 1.0, 0.8144233399653772, 1.0, 0.7709792313726179, 1.0, 1.0, 0, 1.0, 0.9741913932601283, 1.0, 1.0, 1.0, 1.0, 1.0, 1.0, 0.9022507556662915, 0.8144233399653772, 0.5579286098418977, 1.0, 1.0, 1.0, 0.8696676742217221, 1.0, 1.0, 1.0, 0.8580176183801783, 1.0, 1.0, 0.9131117828144814, 1.0], [1.0, 0.42764821015762244, 1.0, 0.5291689242442107, 1.0, 1.0, 1.0, 1.0, 0.6076407702035089, 1.0, 1.0, 1.0, 1.0, 1.0, 1.0, 1.0, 1.0, 1.0, 1.0, 0.6636920887458648, 1.0, 1.0, 1.0, 1.0, 1.0, 1.0, 1.0, 0, 1.0, 1.0, 1.0, 1.0, 0.8482191233804516, 1.0, 1.0, 0.8229223106105268, 0.8482191233804516, 1.0, 1.0, 1.0, 1.0, 1.0, 0.797625497840602, 1.0, 1.0, 1.0, 1.0, 1.0, 1.0, 1.0], [1.0, 1.0, 1.0, 1.0, 1.0, 1.0, 1.0, 1.0, 1.0, 1.0, 1.0, 1.0, 1.0, 1.0, 1.0, 1.0, 1.0, 1.0, 1.0, 1.0, 1.0, 1.0, 1.0, 1.0, 1.0, 1.0, 0.9741913932601283, 1.0, 0, 1.0, 1.0, 1.0, 1.0, 1.0, 1.0, 1.0, 1.0, 0.97787833708011, 1.0, 1.0, 1.0, 1.0, 1.0, 1.0, 1.0, 1.0, 1.0, 1.0, 1.0, 1.0], 
[0.8795897352868622, 1.0, 0.3010090401199106, 1.0, 0.2822541195771305, 0.84518680251168, 1.0, 1.0, 1.0, 0.3524807847603775, 1.0, 0.2124164788666605, 1.0, 0.29590797787637024, 0.29962194294970756, 1.0, 0.2908464506904256, 0.3868750127183555, 0.36200366184633814, 0.8795897352868622, 0.25232867658762476, 0.839452980382483, 0.7993162254781038, 0.839452980382483, 0.2556334489199365, 0.2822541195771305, 1.0, 1.0, 1.0, 0, 0.8193846029302932, 0.8193846029302932, 0.7993162254781038, 0.7935824033489067, 0.2803089463186443, 1.0, 0.839452980382483, 1.0, 0.31023438930815, 1.0, 0.2822541195771305, 0.8795897352868622, 0.8795897352868622, 0.84518680251168, 0.7935824033489067, 0.86453845219772, 0.41223611677724203, 0.32588039099192795, 0.8795897352868622, 0.30917291987344575], [0.5687322117487305, 
1.0, 0.84518680251168, 1.0, 0.8193846029302932, 0.39622509644822257, 1.0, 1.0, 1.0, 0.84518680251168, 1.0, 0.8193846029302932, 1.0, 
0.783261523516352, 0.84518680251168, 1.0, 0.84518680251168, 0.84518680251168, 0.84518680251168, 0.5687322117487305, 0.8193846029302932, 0.84518680251168, 0.4664891011376211, 0.84518680251168, 0.783261523516352, 0.8193846029302932, 1.0, 1.0, 1.0, 0.8193846029302932, 0, 0.24528137056027818, 0.4655234134231837, 0.3239789376203399, 
0.8193846029302932, 1.0, 0.84518680251168, 1.0, 0.8193846029302932, 1.0, 0.8193846029302932, 0.8967912016744535, 0.8967912016744535, 0.39622509644822257, 0.3239789376203399, 0.4968542470401855, 0.7935824033489067, 0.84518680251168, 0.8967912016744535, 0.8193846029302932], [0.5687322117487305, 1.0, 0.84518680251168, 1.0, 0.8193846029302932, 0.39622509644822257, 1.0, 1.0, 1.0, 0.84518680251168, 
1.0, 0.8193846029302932, 1.0, 0.783261523516352, 0.84518680251168, 1.0, 0.84518680251168, 0.84518680251168, 0.84518680251168, 0.5687322117487305, 0.8193846029302932, 0.84518680251168, 0.4664891011376211, 0.84518680251168, 0.783261523516352, 0.8193846029302932, 1.0, 1.0, 1.0, 0.8193846029302932, 0.24528137056027818, 0, 0.3573400813670471, 0.17252227274174858, 0.8193846029302932, 1.0, 0.84518680251168, 1.0, 0.8193846029302932, 1.0, 0.8193846029302932, 0.8967912016744535, 0.8967912016744535, 0.3140630705249524, 0.2418169116970698, 0.42838589210412703, 0.7935824033489067, 0.84518680251168, 0.8967912016744535, 0.8193846029302932], [0.6258663893962286, 0.8583378484884214, 0.8193846029302934, 0.9114611553052634, 0.7993162254781038, 0.5323329867452857, 1.0, 1.0, 0.9212988047157897, 0.8193846029302934, 1.0, 0.7993162254781038, 1.0, 0.7742307536628668, 0.8193846029302934, 1.0, 0.8193846029302934, 0.8193846029302934, 0.8193846029302934, 0.5550353136404393, 0.7993162254781038, 0.6680750441234521, 0.4177705344028215, 0.7750329592066614, 0.7742307536628668, 0.7993162254781038, 1.0, 0.8482191233804516, 1.0, 0.7993162254781038, 0.4655234134231837, 0.3573400813670471, 0, 0.3370791672741994, 0.7993162254781038, 0.9212988047157897, 0.4930458448302694, 1.0, 0.7993162254781038, 1.0, 0.7993162254781038, 0.8555076823442347, 0.7049094249869187, 0.48098172054324195, 0.38038831662127515, 0.5386504182606595, 0.6746213093941374, 0.8193846029302934, 0.8111560386206026, 0.7993162254781038], [0.5774868360127124, 1.0, 0.8193846029302934, 1.0, 0.7935824033489067, 0.4366491146836166, 1.0, 1.0, 1.0, 0.8193846029302934, 1.0, 0.7935824033489067, 1.0, 0.7591794705737245, 0.8193846029302934, 1.0, 0.8193846029302934, 0.8193846029302934, 0.8193846029302934, 0.5774868360127124, 0.7935824033489067, 0.6412124499136334, 0.45106441112496504, 0.7824248998272667, 
0.7591794705737245, 0.7935824033489067, 1.0, 1.0, 1.0, 0.7935824033489067, 0.3239789376203399, 0.17252227274174858, 0.3370791672741994, 0, 0.7935824033489067, 1.0, 0.7639450482757533, 1.0, 0.7935824033489067, 1.0, 0.7935824033489067, 0.8645384521977201, 0.7048461507325734, 0.36818075974755815, 0.25869602325362023, 0.4584406512121927, 0.7372710505598399, 0.8193846029302934, 0.8275787490946933, 
0.7935824033489067], [0.8795897352868622, 1.0, 0.2284216065629669, 1.0, 0.2315559298341056, 0.84518680251168, 1.0, 1.0, 1.0, 0.2825443763390047, 1.0, 0.2787484620021659, 1.0, 0.3278854289975354, 0.25455688540035215, 1.0, 0.2550004541841513, 0.3169386042969828, 0.3169386042969828, 0.8795897352868622, 0.04844548340241722, 0.839452980382483, 0.7993162254781038, 0.839452980382483, 0.2936849227238146, 0.20059325682556883, 1.0, 1.0, 1.0, 0.2803089463186443, 0.8193846029302932, 0.8193846029302932, 0.7993162254781038, 0.7935824033489067, 0, 1.0, 0.839452980382483, 1.0, 0.2315559298341056, 1.0, 0.31023438930815, 0.8795897352868622, 0.8795897352868622, 0.84518680251168, 0.7935824033489067, 0.86453845219772, 0.4371074676492594, 0.2559439825705552, 0.8795897352868622, 0.23049446039940133], [1.0, 0.7122652836533013, 1.0, 0.898812748920301, 1.0, 1.0, 0.8882865779043332, 1.0, 0.9114611553052634, 1.0, 1.0, 1.0, 0.654549763339736, 1.0, 1.0, 0.6267894299069431, 1.0, 1.0, 1.0, 0.9212988047157897, 1.0, 0.7488310226904056, 1.0, 0.7343336691850184, 1.0, 1.0, 0.9022507556662915, 0.8229223106105268, 1.0, 1.0, 1.0, 1.0, 0.9212988047157897, 1.0, 1.0, 0, 0.8344105875302711, 1.0, 1.0, 0.6097586444912647, 1.0, 0.5939556191583857, 0.8819482070736845, 1.0, 1.0, 0.9022507556662915, 1.0, 1.0, 0.7488310226904056, 1.0], [0.7307774324523758, 0.5748283514728412, 0.8555076823442347, 0.6650915275632835, 0.839452980382483, 0.7640051213815949, 0.7380043371716383, 0.9106370392745554, 0.702303580056252, 0.8555076823442347, 1.0, 0.839452980382483, 0.8122898074346819, 0.8193846029302934, 0.8555076823442347, 0.834411633492025, 0.8555076823442347, 0.7750810176913345, 0.8555076823442347, 0.7403730213494867, 0.839452980382483, 0.5041981235373934, 0.6828589253646627, 0.49162967623421905, 0.8193846029302934, 0.839452980382483, 0.8144233399653772, 0.8482191233804516, 
1.0, 0.839452980382483, 0.84518680251168, 0.84518680251168, 0.4930458448302694, 0.7639450482757533, 0.839452980382483, 0.8344105875302711, 0, 1.0, 0.839452980382483, 0.7871006716326036, 0.839452980382483, 0.6253021387005484, 0.6606058397479598, 0.7640051213815949, 0.7639450482757533, 0.6640202131215762, 0.6303177241551787, 0.8555076823442347, 0.5974692554454044, 0.839452980382483], [1.0, 1.0, 
1.0, 1.0, 1.0, 1.0, 1.0, 1.0, 1.0, 1.0, 1.0, 1.0, 1.0, 1.0, 1.0, 1.0, 1.0, 1.0, 1.0, 1.0, 1.0, 1.0, 1.0, 1.0, 1.0, 1.0, 0.5579286098418977, 1.0, 0.97787833708011, 1.0, 1.0, 1.0, 1.0, 1.0, 1.0, 1.0, 
1.0, 0, 1.0, 1.0, 1.0, 1.0, 1.0, 1.0, 1.0, 1.0, 1.0, 1.0, 1.0, 1.0], [0.8795897352868622, 1.0, 0.12911061003273863, 1.0, 0.027980269731019518, 0.84518680251168, 1.0, 1.0, 1.0, 0.07671688315313302, 1.0, 0.2787484620021659, 1.0, 0.13061344374662193, 0.07360074308649786, 1.0, 0.25407847194501265, 0.3169386042969828, 0.20539931782485368, 0.8795897352868622, 0.2315559298341056, 0.839452980382483, 0.7993162254781038, 0.839452980382483, 0.29590797787637024, 0.16053522593150876, 1.0, 1.0, 1.0, 0.31023438930815, 0.8193846029302932, 0.8193846029302932, 0.7993162254781038, 0.7935824033489067, 0.2315559298341056, 1.0, 0.839452980382483, 1.0, 0, 1.0, 0.31023438930815, 0.8795897352868622, 0.8795897352868622, 0.84518680251168, 0.7935824033489067, 0.86453845219772, 0.4371074676492594, 0.2301506494593991, 0.8795897352868622, 0.19953178739086455], [0.7702095295631425, 1.0, 1.0, 0.6058085956128322, 1.0, 0.8391466706941998, 0.7372057304085547, 0.8659555589118332, 0.6715071630106935, 1.0, 1.0, 1.0, 0.27654237811335447, 1.0, 1.0, 0.27642531115793134, 1.0, 0.8851047647815713, 1.0, 0.8851047647815713, 1.0, 0.8591879198936491, 1.0, 0.8851047647815713, 1.0, 1.0, 1.0, 1.0, 1.0, 1.0, 1.0, 1.0, 1.0, 1.0, 1.0, 0.6097586444912647, 0.7871006716326036, 1.0, 1.0, 0, 1.0, 0.6462885915262528, 0.8851047647815713, 0.8391466706941998, 1.0, 0.8659555589118332, 0.8851047647815713, 1.0, 0.6140301097191169, 1.0], [0.8795897352868622, 1.0, 0.3276094338883601, 1.0, 0.2822541195771305, 0.84518680251168, 1.0, 1.0, 1.0, 0.19904701845411144, 1.0, 0.14112705978856524, 1.0, 0.29590797787637024, 0.20216315852074657, 1.0, 0.35153725637397365, 0.3868750127183555, 0.36200366184633814, 0.8795897352868622, 0.2822541195771305, 0.839452980382483, 0.7993162254781038, 0.839452980382483, 0.3278854289975354, 0.2822541195771305, 1.0, 1.0, 1.0, 0.2822541195771305, 0.8193846029302932, 0.8193846029302932, 0.7993162254781038, 0.7935824033489067, 0.31023438930815, 1.0, 0.839452980382483, 1.0, 0.31023438930815, 1.0, 0, 0.8795897352868622, 0.8795897352868622, 0.84518680251168, 0.7935824033489067, 0.86453845219772, 0.41223611677724203, 0.19904701845411144, 0.8795897352868622, 0.19953178739086455], [0.7669005118663172, 0.8436012090660665, 0.8916307617581761, 0.7536303722580201, 0.8795897352868622, 0.8091589706490216, 0.5368789593384925, 0.9106370392745554, 0.7810047753404623, 0.8916307617581761, 1.0, 0.8795897352868622, 0.6714777273283312, 0.8645384521977201, 0.8916307617581761, 0.6105195596841261, 0.8916307617581761, 0.8112040971052761, 0.8916307617581761, 0.8473271765192173, 0.8795897352868622, 0.6757632124832803, 0.8555076823442347, 0.4491475153387062, 0.8645384521977201, 0.8795897352868622, 0.8696676742217221, 1.0, 1.0, 0.8795897352868622, 0.8967912016744535, 0.8967912016744535, 0.8555076823442347, 0.8645384521977201, 0.8795897352868622, 0.5939556191583857, 0.6253021387005484, 1.0, 0.8795897352868622, 0.6462885915262528, 0.8795897352868622, 0, 0.8473271765192173, 0.8091589706490216, 0.8645384521977201, 0.7000312036875189, 0.7750810176913346, 0.8916307617581761, 0.4388442808494945, 0.8795897352868622], [0.6220320324267705, 0.662454041908368, 0.8916307617581761, 0.7163917367337074, 0.8795897352868622, 0.6596923014651467, 0.8994666691838749, 0.7777777777777778, 0.6165041851932879, 0.8916307617581761, 0.8792978208839676, 0.8795897352868622, 0.8851047647815713, 0.8645384521977201, 0.8916307617581761, 0.9106370392745554, 0.8916307617581761, 0.8112040971052761, 0.7733711390451692, 0.7410805628855334, 0.8795897352868622, 0.7490930393448479, 0.8259399198618134, 0.7816363346228545, 0.8645384521977201, 0.8795897352868622, 1.0, 0.797625497840602, 1.0, 0.8795897352868622, 0.8967912016744535, 0.8967912016744535, 0.7049094249869187, 0.7048461507325734, 0.8795897352868622, 0.8819482070736845, 0.6606058397479598, 1.0, 0.8795897352868622, 0.8851047647815713, 0.8795897352868622, 0.8473271765192173, 0, 0.8091589706490216, 0.8275787490946933, 0.8303635294657971, 0.6259399198618133, 0.8916307617581761, 0.7775460817103458, 0.8795897352868622], [0.349514036985356, 1.0, 0.86453845219772, 0.7989333383677497, 0.84518680251168, 0.36280980595201867, 0.8659555589118332, 0.8851047647815713, 0.8276571471723569, 0.86453845219772, 1.0, 0.84518680251168, 0.8391466706941998, 0.8193846029302932, 0.86453845219772, 0.8851047647815713, 0.86453845219772, 0.7640051213815949, 0.86453845219772, 0.522107354464014, 0.84518680251168, 0.86453845219772, 0.5331779634954185, 0.764005121381595, 0.8193846029302932, 0.84518680251168, 1.0, 1.0, 1.0, 0.84518680251168, 0.39622509644822257, 0.3140630705249524, 0.48098172054324195, 0.36818075974755815, 0.84518680251168, 1.0, 0.7640051213815949, 1.0, 0.84518680251168, 0.8391466706941998, 0.84518680251168, 0.8091589706490216, 0.8091589706490216, 0, 0.27312820097676443, 0.2632993740026989, 0.7188512721141683, 0.86453845219772, 0.7588923052409591, 0.84518680251168], [0.5774868360127124, 1.0, 0.8193846029302934, 1.0, 0.7935824033489067, 0.4366491146836166, 1.0, 1.0, 1.0, 0.8193846029302934, 1.0, 0.7935824033489067, 1.0, 0.7591794705737245, 0.8193846029302934, 1.0, 0.8193846029302934, 0.8193846029302934, 0.8193846029302934, 0.5774868360127124, 0.7935824033489067, 0.7639450482757533, 0.45106441112496504, 0.7824248998272667, 0.7591794705737245, 0.7935824033489067, 
1.0, 1.0, 1.0, 0.7935824033489067, 0.3239789376203399, 0.2418169116970698, 0.38038831662127515, 0.25869602325362023, 0.7935824033489067, 1.0, 0.7639450482757533, 1.0, 0.7935824033489067, 1.0, 0.7935824033489067, 0.8645384521977201, 0.8275787490946933, 0.27312820097676443, 0, 0.4089444805298204, 0.7372710505598399, 0.8193846029302934, 0.8275787490946933, 0.7935824033489067], [0.38356707500734166, 0.8106901578402377, 0.8795897352868622, 0.8276571471723569, 0.86453845219772, 0.45383697653030175, 0.7733913426859045, 0.8994666691838749, 0.8492000037758123, 0.8795897352868622, 1.0, 0.86453845219772, 0.8659555589118332, 0.84518680251168, 0.8795897352868622, 0.8994666691838749, 0.8795897352868622, 0.7902267745614178, 0.8795897352868622, 0.5752065373013457, 0.86453845219772, 0.7533831738470208, 0.5850470786625942, 0.6205761045288168, 0.84518680251168, 0.86453845219772, 0.8580176183801783, 1.0, 1.0, 0.86453845219772, 0.4968542470401855, 0.42838589210412703, 0.5386504182606595, 0.4584406512121927, 0.86453845219772, 0.9022507556662915, 0.6640202131215762, 1.0, 0.86453845219772, 0.8659555589118332, 0.86453845219772, 0.7000312036875189, 0.8303635294657971, 0.2632993740026989, 0.4089444805298204, 0, 0.7500900196570385, 0.8795897352868622, 0.6987938319175561, 0.86453845219772], [0.5497858735988879, 1.0, 0.4400576999373376, 0.8492000037758123, 0.41223611677724203, 0.5693846029302934, 0.8994666691838749, 0.7777777777777778, 0.8659555589118332, 0.46244191572215315, 1.0, 0.41223611677724203, 0.8851047647815713, 0.37745913782712265, 0.4400576999373376, 0.9106370392745554, 0.486781482019177, 0.36171420131507837, 0.47101250509951786, 0.7750810176913346, 0.41223611677724203, 0.7750329592066613, 0.7536937610339306, 0.7093901757949718, 0.4054394075581422, 0.41223611677724203, 1.0, 1.0, 1.0, 0.41223611677724203, 0.7935824033489067, 0.7935824033489067, 0.6746213093941374, 0.7372710505598399, 0.4371074676492594, 1.0, 0.6303177241551787, 1.0, 0.4371074676492594, 0.8851047647815713, 0.41223611677724203, 0.7750810176913346, 0.6259399198618133, 0.7188512721141683, 0.7372710505598399, 0.7500900196570385, 0, 0.46244191572215315, 0.7052999228824632, 0.4641514302015081], [0.8916307617581761, 1.0, 0.29939477915131935, 1.0, 0.2550220003314164, 0.86453845219772, 1.0, 1.0, 1.0, 0.13809038967563944, 1.0, 0.3244932938217249, 1.0, 0.37320624392011814, 0.2733762532913072, 1.0, 0.27377546519672646, 0.3542899387051042, 0.32951980029827477, 0.8916307617581761, 0.2559439825705552, 0.8555076823442347, 0.8193846029302934, 0.8555076823442347, 0.3153005311995929, 0.2825443763390047, 1.0, 1.0, 1.0, 0.32588039099192795, 0.84518680251168, 0.84518680251168, 0.8193846029302934, 0.8193846029302934, 0.2559439825705552, 1.0, 0.8555076823442347, 1.0, 0.2301506494593991, 1.0, 0.19904701845411144, 0.8916307617581761, 0.8916307617581761, 0.86453845219772, 0.8193846029302934, 0.8795897352868622, 0.46244191572215315, 
0, 0.8916307617581761, 0.25407847194501265], [0.7266871795398672, 
0.8827009067995497, 0.8916307617581761, 0.6086242625815772, 0.8795897352868622, 0.7588923052409591, 0.6541443326272222, 0.8659555589118332, 0.6521104556280686, 0.8916307617581761, 1.0, 0.8795897352868622, 0.5756377221347128, 0.8645384521977201, 0.8916307617581761, 0.585429629389687, 0.8916307617581761, 0.7709907647788259, 0.8916307617581761, 0.8071138441927672, 0.8795897352868622, 0.6705112664931316, 0.8259399198618134, 0.6241239090959543, 0.8645384521977201, 0.8795897352868622, 0.9131117828144814, 1.0, 1.0, 0.8795897352868622, 0.8967912016744535, 0.8967912016744535, 0.8111560386206026, 
0.8275787490946933, 0.8795897352868622, 0.7488310226904056, 0.5974692554454044, 1.0, 0.8795897352868622, 0.6140301097191169, 0.8795897352868622, 0.4388442808494945, 0.7775460817103458, 0.7588923052409591, 0.8275787490946933, 0.6987938319175561, 0.7052999228824632, 0.8916307617581761, 0, 0.8795897352868622], [0.8795897352868622, 
1.0, 0.2816008479526009, 1.0, 0.19953178739086455, 0.84518680251168, 1.0, 1.0, 1.0, 0.25407847194501265, 1.0, 0.16804586008488048, 1.0, 0.3626562379932837, 0.12863219657739908, 1.0, 0.17417566758209407, 0.31599507591057896, 0.2884726999029907, 0.8795897352868622, 
0.23049446039940133, 0.839452980382483, 0.7993162254781038, 0.839452980382483, 0.3626562379932837, 0.23049446039940133, 1.0, 1.0, 1.0, 0.30917291987344575, 0.8193846029302932, 0.8193846029302932, 0.7993162254781038, 0.7935824033489067, 0.23049446039940133, 1.0, 0.839452980382483, 1.0, 0.19953178739086455, 1.0, 0.19953178739086455, 0.8795897352868622, 0.8795897352868622, 0.84518680251168, 0.7935824033489067, 0.86453845219772, 0.4641514302015081, 0.25407847194501265, 0.8795897352868622, 0]]

# test batch 1
X_test_dist_matrix_cm_1_batch_1 = [[0.7086256398328965, 1.0, 0.86453845219772, 0.6715071630106935, 0.84518680251168, 0.7455452941986955, 0.7810047753404623, 0.8851047647815713, 0.718434711152023, 0.86453845219772, 1.0, 0.84518680251168, 0.5400688182596636, 0.8193846029302932, 0.86453845219772, 0.43098034586514256, 0.86453845219772, 0.7640051213815949, 0.86453845219772, 0.8091589706490216, 0.84518680251168, 
0.563155729088003, 0.7824248998272666, 0.7270454182785682, 0.8193846029302932, 0.84518680251168, 1.0, 1.0, 1.0, 0.84518680251168, 0.8555076823442347, 0.8555076823442347, 0.7639450482757533, 0.6064615343100977, 0.84518680251168, 0.7887818798404739, 0.622811985221708, 1.0, 0.84518680251168, 0.504804028136754, 0.84518680251168, 0.533132091156317, 0.6494666691838749, 0.7455452941986955, 0.7701049987929244, 0.7818959664560248, 0.6818915690111415, 0.86453845219772, 0.46794621647204626, 0.84518680251168], [0.932525686416145, 0.8583378484884214, 1.0, 0.9114611553052634, 1.0, 0.9156571080201812, 
0.8971319243278391, 0.9085617105136348, 0.9212988047157897, 1.0, 1.0, 1.0, 0.8591879198936491, 1.0, 1.0, 0.7442809503895589, 1.0, 1.0, 1.0, 0.779400150122627, 1.0, 0.9014315439255544, 0.8987885296242174, 1.0, 1.0, 1.0, 1.0, 0.8482191233804516, 1.0, 1.0, 0.9036081234516357, 0.9036081234516357, 0.8616946106603557, 0.9156571080201812, 1.0, 0.6134970176537019, 0.9291689242442107, 1.0, 1.0, 0.8591879198936491, 1.0, 0.9014315439255544, 0.8937533863663161, 0.9156571080201812, 0.9156571080201812, 0.9250285404623833, 1.0, 1.0, 0.9014315439255544, 1.0], [1.0, 0.6794856996811833, 1.0, 0.8482191233804516, 1.0, 1.0, 0.7158812111422055, 0.8456978864917588, 0.8671917329578951, 1.0, 1.0, 1.0, 1.0, 1.0, 1.0, 0.8456978864917588, 1.0, 
1.0, 1.0, 0.6118604800495028, 1.0, 1.0, 1.0, 1.0, 1.0, 1.0, 1.0, 0.5782544459849327, 1.0, 1.0, 1.0, 1.0, 0.8819482070736845, 1.0, 1.0, 0.8671917329578951, 0.8819482070736845, 1.0, 1.0, 1.0, 1.0, 1.0, 0.8425976094315794, 1.0, 1.0, 1.0, 1.0, 1.0, 1.0, 1.0], [0.8795897352868622, 1.0, 0.23107263169853778, 1.0, 0.1726129870945493, 0.84518680251168, 1.0, 1.0, 1.0, 0.2550220003314164, 1.0, 0.2507681922711464, 1.0, 0.29590797787637024, 0.20216315852074657, 1.0, 0.22747807817656313, 0.3169386042969828, 0.26454487741737714, 0.8795897352868622, 0.030962673008536768, 0.839452980382483, 0.7993162254781038, 0.839452980382483, 0.2936849227238146, 0.2035756601030861, 
